Sample Type	Sample ID	GUANIDINOACETIC	OH PROLINE	GLY	ALA	VAL	ISOLEU_LEU_OHPRO	ORN	LYS_GLN	MET	PHE	GLYCYL_PROLINE	ARG	CITRULLINE	TYR	ZZ:PHE_TYR_RATIO	HOMOCITRULLINE	ARGININOSUCCINIC	FREE CARN	C2 CARN	C3 CARN	ZZ:C3_C0_RATIO	ZZ:C3_C2_RATIO	C4 CARN	C5:1 CARN	C5 CARN	OH C4 CARN	C6 CARN	OH C5 CARN	C8 CARN	ZZ:C8_C10_RATIO	C3 DC CARN	C10 CARN	C5 DC CARN	C12 CARN_C6:1 DC	C6 DC CARN	OH C5 DC CARN	C14:1 CARN	C14 CARN	C16 CARN	OHC16 CARN	C18 CARN	OH C18:1 CARN	ZZ:C0_C16C18_RATIO	ZZ:C14:1_C10_RATIO
A	QC-CDC-MS-3540453-1	0.8	4.5	253.8	144.9	43.3	40.4	50.8	16.9	6.4	19.2	1.6	5.3	11.7	20.0	1.0	0.3	0.4	15.8	6.5	0.8	0.1	0.1	0.1	0.0	0.1	0.1	0.0	0.3	0.0	0.9	0.0	0.0	0.0	0.0	0.0	0.0	0.0	0.1	0.7	0.0	0.5	0.0	12.7	1.1
A	QC-CDC-MS-3540453-10	0.6	2.2	220.9	130.3	40.1	35.4	45.9	9.9	5.7	19.6	1.7	5.1	10.5	19.3	1.0	0.3	0.5	15.2	6.1	0.7	0.0	0.1	0.1	0.0	0.1	0.1	0.0	0.3	0.0	0.7	0.0	0.0	0.0	0.0	0.0	0.0	0.0	0.1	0.6	0.0	0.4	0.0	14.4	0.6
A	QC-CDC-MS-3540453-2	0.8	4.2	262.2	157.8	45.6	42.6	54.6	15.6	6.1	20.2	1.9	5.8	10.9	20.4	1.0	0.1	0.3	16.6	6.8	0.8	0.0	0.1	0.1	0.0	0.1	0.1	0.0	0.3	0.0	0.6	0.0	0.0	0.0	0.0	0.0	0.0	0.0	0.1	0.8	0.0	0.6	0.0	11.9	0.8
A	QC-CDC-MS-3540453-3	1.0	2.4	262.5	151.8	43.2	39.5	54.3	11.8	6.2	20.5	2.1	7.0	13.6	21.0	1.0	0.3	0.9	16.8	8.1	0.9	0.1	0.1	0.1	0.0	0.1	0.1	0.0	0.3	0.0	0.6	0.0	0.0	0.0	0.0	0.0	0.0	0.0	0.1	0.9	0.0	0.6	0.0	11.6	1.0
A	QC-CDC-MS-3540453-4	1.0	2.8	247.9	147.8	42.7	38.9	48.8	13.2	6.3	20.1	2.3	6.8	11.1	21.2	1.0	0.3	0.1	15.5	7.9	0.9	0.1	0.1	0.1	0.0	0.1	0.1	0.0	0.3	0.0	0.6	0.0	0.0	0.0	0.0	0.0	0.0	0.0	0.1	0.8	0.0	0.6	0.0	11.0	0.8
A	QC-CDC-MS-3540453-5	1.3	6.1	314.1	177.7	54.0	52.0	69.8	26.1	8.1	27.6	3.0	7.9	16.6	28.8	1.0	0.5	1.1	20.7	9.0	1.1	0.1	0.1	0.1	0.0	0.1	0.1	0.0	0.3	0.0	0.9	0.0	0.0	0.0	0.1	0.0	0.0	0.0	0.1	1.1	0.0	0.7	0.0	11.4	0.8
A	QC-CDC-MS-3540453-6	1.1	4.5	268.0	162.7	53.4	48.3	58.7	16.2	6.7	22.6	2.2	6.3	10.8	23.9	0.9	0.3	0.6	17.6	8.2	1.0	0.1	0.1	0.1	0.0	0.1	0.1	0.0	0.3	0.0	0.4	0.0	0.0	0.0	0.0	0.0	0.0	0.0	0.1	0.9	0.0	0.6	0.0	11.9	0.5
A	QC-CDC-MS-3540453-7	0.8	2.9	235.7	131.9	35.8	31.8	64.0	13.9	4.8	16.5	1.6	7.8	12.2	20.0	0.8	0.2	0.3	16.4	7.0	0.8	0.0	0.1	0.1	0.0	0.1	0.1	0.0	0.3	0.0	0.5	0.0	0.0	0.0	0.0	0.0	0.0	0.0	0.1	0.7	0.0	0.5	0.0	13.2	0.5
A	QC-CDC-MS-3540453-8	0.8	3.6	254.4	144.7	41.6	36.5	61.2	14.4	5.3	18.5	1.6	7.5	10.3	21.5	0.9	0.3	0.5	16.9	7.4	0.8	0.0	0.1	0.1	0.0	0.1	0.1	0.0	0.3	0.0	0.7	0.0	0.0	0.0	0.0	0.0	0.0	0.0	0.1	0.8	0.0	0.6	0.0	12.1	0.7
A	QC-CDC-MS-3540453-9	0.7	3.3	242.2	138.5	38.7	34.2	51.7	11.7	5.4	18.2	1.7	4.8	12.2	17.2	1.1	0.3	0.6	15.6	6.5	0.8	0.0	0.1	0.1	0.0	0.0	0.1	0.0	0.3	0.0	0.8	0.0	0.0	0.0	0.0	0.0	0.0	0.0	0.0	0.7	0.0	0.4	0.0	14.3	0.6
B	QC-CDC-MS-3540455-1	4.6	4.0	567.4	341.8	206.4	177.0	120.3	18.0	51.0	163.6	1.9	82.6	33.3	272.4	0.6	0.3	0.8	30.5	16.0	4.2	0.1	0.3	0.8	0.5	0.5	0.4	0.3	1.2	0.5	1.0	0.3	0.5	0.4	1.1	0.0	0.0	0.4	0.5	3.6	0.2	1.5	0.0	6.0	0.8
B	QC-CDC-MS-3540455-10	3.1	2.3	422.9	258.9	153.5	126.6	96.1	12.2	37.7	123.5	2.2	65.1	29.3	207.3	0.6	0.3	0.9	24.0	12.8	3.2	0.1	0.3	0.6	0.4	0.4	0.3	0.2	0.9	0.4	1.1	0.2	0.3	0.3	0.7	0.0	0.0	0.3	0.3	2.3	0.1	0.9	0.0	7.4	0.8
B	QC-CDC-MS-3540455-2	5.3	3.3	585.6	334.6	206.8	175.1	128.3	21.2	51.1	158.0	2.1	93.7	34.7	282.4	0.6	0.3	0.4	30.6	16.5	4.3	0.1	0.3	0.8	0.5	0.5	0.4	0.3	1.1	0.5	1.0	0.3	0.5	0.4	1.0	0.0	0.0	0.4	0.5	3.6	0.2	1.6	0.0	5.9	0.8
B	QC-CDC-MS-3540455-3	5.7	1.9	530.1	331.9	197.7	169.9	113.6	15.8	47.7	157.4	2.7	81.1	39.0	270.4	0.6	0.3	0.2	31.5	18.5	4.6	0.1	0.2	0.9	0.5	0.5	0.4	0.3	1.2	0.5	1.0	0.3	0.5	0.3	1.0	0.0	0.0	0.4	0.5	3.9	0.2	1.6	0.0	5.7	0.8
B	QC-CDC-MS-3540455-4	5.4	1.4	489.5	290.9	180.4	150.2	114.8	14.6	43.5	141.2	2.4	87.8	34.4	242.5	0.6	0.3	0.7	28.7	17.0	4.0	0.1	0.2	0.8	0.4	0.4	0.4	0.3	1.1	0.4	1.0	0.3	0.4	0.4	0.9	0.0	0.0	0.4	0.4	3.4	0.1	1.4	0.0	6.1	0.9
B	QC-CDC-MS-3540455-5	4.8	4.1	634.8	380.5	229.4	184.3	136.5	15.2	56.3	180.5	2.3	105.6	37.1	321.3	0.6	0.2	0.0	37.0	18.8	4.6	0.1	0.2	0.9	0.6	0.6	0.4	0.4	1.3	0.6	1.0	0.3	0.6	0.4	1.3	0.0	0.0	0.5	0.6	4.5	0.2	1.8	0.0	5.9	0.9
B	QC-CDC-MS-3540455-6	4.7	4.0	596.1	354.9	211.5	180.1	137.8	13.7	53.7	171.7	1.9	86.1	39.6	280.3	0.6	0.4	0.9	35.7	18.7	4.5	0.1	0.2	0.9	0.6	0.5	0.4	0.4	1.3	0.5	1.0	0.3	0.5	0.4	1.2	0.0	0.0	0.5	0.5	3.9	0.2	1.6	0.0	6.5	0.9
B	QC-CDC-MS-3540455-7	4.1	3.0	525.0	306.4	193.1	151.4	124.7	13.7	46.2	147.4	1.8	94.5	31.3	274.9	0.5	0.2	0.3	30.1	15.9	4.0	0.1	0.3	0.8	0.5	0.5	0.4	0.3	1.1	0.5	0.9	0.3	0.5	0.4	1.0	0.0	0.0	0.4	0.5	3.4	0.2	1.3	0.0	6.4	0.8
B	QC-CDC-MS-3540455-8	4.5	3.6	534.3	309.5	191.8	159.0	131.4	13.4	47.5	148.8	1.5	93.7	31.8	274.7	0.5	0.3	1.0	29.2	16.1	4.1	0.1	0.3	0.8	0.5	0.5	0.4	0.3	1.1	0.5	1.0	0.3	0.5	0.4	1.0	0.0	0.0	0.4	0.5	3.3	0.2	1.3	0.0	6.3	0.8
B	QC-CDC-MS-3540455-9	3.2	2.4	444.4	268.8	156.4	129.5	100.4	11.5	38.7	124.0	2.0	64.9	32.1	207.0	0.6	0.4	0.8	26.1	12.9	3.2	0.1	0.3	0.7	0.4	0.4	0.3	0.3	0.9	0.4	1.1	0.2	0.3	0.3	0.7	0.0	0.0	0.3	0.4	2.4	0.1	1.0	0.0	7.9	0.8
C	QC-CDC-MS-3540457-1	8.6	3.9	787.6	463.8	307.7	278.5	160.3	15.0	131.6	276.2	1.7	151.4	76.6	511.9	0.5	0.3	0.9	39.1	23.2	7.2	0.2	0.3	2.2	1.4	1.3	0.7	0.6	1.7	0.9	1.0	0.7	1.0	0.7	2.2	0.1	0.0	1.2	1.4	5.9	0.7	3.2	0.0	4.3	1.2
C	QC-CDC-MS-3540457-10	5.2	1.8	624.5	362.7	235.0	207.6	178.2	12.0	95.4	228.7	1.9	154.6	80.5	415.5	0.6	0.3	0.7	34.2	18.5	5.6	0.2	0.3	1.8	1.1	1.1	0.5	0.5	1.4	0.7	1.1	0.8	0.7	0.7	1.4	0.0	0.0	0.8	1.0	3.7	0.4	1.9	0.0	6.1	1.2
C	QC-CDC-MS-3540457-2	8.2	3.8	782.2	456.2	299.3	266.8	176.5	14.3	123.5	276.3	1.8	141.4	87.2	462.2	0.6	0.3	0.3	39.3	21.6	6.7	0.2	0.3	2.1	1.3	1.2	0.6	0.6	1.8	0.9	0.9	0.8	1.0	0.7	2.2	0.1	0.0	1.1	1.4	5.6	0.6	3.1	0.0	4.5	1.2
C	QC-CDC-MS-3540457-3	9.8	2.6	703.0	397.9	268.7	238.4	172.1	15.5	108.6	252.6	2.6	146.2	103.8	420.8	0.6	0.3	1.1	36.6	23.2	6.5	0.2	0.3	1.9	1.1	1.1	0.6	0.5	1.7	0.8	0.9	0.8	0.9	0.6	1.8	0.1	0.0	1.0	1.2	4.9	0.6	2.7	0.0	4.8	1.2
C	QC-CDC-MS-3540457-4	8.3	0.1	740.9	455.7	299.3	255.6	173.6	16.8	123.1	272.6	3.1	154.5	106.2	426.6	0.6	0.3	0.2	39.0	23.3	7.0	0.2	0.3	2.1	1.2	1.2	0.6	0.6	1.7	0.9	0.9	0.8	0.9	0.7	2.2	0.1	0.0	1.1	1.4	5.4	0.6	2.9	0.0	4.7	1.2
C	QC-CDC-MS-3540457-5	7.3	3.5	802.0	486.2	319.2	274.3	173.7	11.5	133.8	297.1	2.2	154.8	100.4	533.7	0.6	0.3	0.7	45.2	23.7	7.2	0.2	0.3	2.3	1.4	1.4	0.7	0.6	2.0	0.9	0.9	0.8	1.0	0.7	2.3	0.1	0.0	1.2	1.5	5.7	0.6	3.1	0.0	5.1	1.2
C	QC-CDC-MS-3540457-6	8.2	3.7	801.1	470.9	307.6	269.6	182.2	10.7	134.6	293.1	2.1	161.8	102.2	520.5	0.6	0.4	0.7	44.7	24.3	7.5	0.2	0.3	2.3	1.4	1.3	0.7	0.6	2.1	0.9	0.9	0.8	1.0	0.7	2.2	0.1	0.0	1.2	1.5	5.6	0.6	2.9	0.0	5.2	1.2
C	QC-CDC-MS-3540457-7	16.8	7.3	703.8	429.0	298.4	272.8	150.6	25.2	136.6	287.9	1.2	123.1	93.1	454.3	0.6	0.2	1.0	35.4	28.4	7.8	0.2	0.3	2.2	1.2	1.3	0.6	0.7	1.7	0.9	0.9	0.8	1.0	0.7	2.2	0.0	0.0	1.1	1.5	5.8	0.6	3.2	0.0	4.0	1.0
C	QC-CDC-MS-3540457-8	16.1	6.7	730.8	453.9	317.4	288.0	158.0	23.6	138.0	294.6	0.8	153.2	74.2	519.7	0.6	0.4	0.6	37.7	28.7	8.2	0.2	0.3	2.3	1.3	1.3	0.6	0.6	1.8	1.0	0.9	0.7	1.1	0.6	2.2	0.1	0.0	1.1	1.5	6.1	0.6	3.3	0.0	4.0	1.0
C	QC-CDC-MS-3540457-9	6.8	2.8	663.0	392.3	259.7	224.9	155.5	12.2	107.2	242.5	1.8	119.2	93.6	383.6	0.6	0.2	0.9	35.7	19.8	6.2	0.2	0.3	1.9	1.1	1.1	0.6	0.5	1.6	0.7	1.0	0.8	0.7	0.7	1.7	0.0	0.0	0.8	1.1	4.2	0.5	2.3	0.0	5.5	1.1
D	QC-CDC-MS-3540459-1	11.6	3.1	1044.0	614.0	393.1	469.3	244.0	20.8	199.9	406.1	2.4	210.0	207.2	725.0	0.6	0.3	1.2	50.0	27.6	9.0	0.2	0.3	3.0	2.4	2.3	1.4	1.3	2.4	2.1	1.1	1.6	2.0	1.8	2.9	0.1	0.0	1.9	2.4	7.4	0.8	3.9	0.0	4.4	0.9
D	QC-CDC-MS-3540459-10	9.5	2.0	818.3	465.2	310.4	356.4	203.6	11.6	150.8	315.8	2.1	158.5	174.0	518.7	0.6	0.2	0.6	41.8	21.9	7.2	0.2	0.3	2.5	2.0	1.8	1.1	1.0	1.9	1.6	1.1	1.4	1.5	1.5	2.1	0.0	0.0	1.3	1.7	5.2	0.6	2.7	0.0	5.3	0.9
D	QC-CDC-MS-3540459-2	13.2	4.7	949.3	543.1	371.9	462.4	222.4	14.4	186.6	358.7	2.0	173.9	180.2	596.3	0.6	0.3	0.6	47.2	26.7	8.5	0.2	0.3	2.7	2.3	2.1	1.4	1.2	2.3	1.9	1.0	1.4	1.9	1.6	2.6	0.1	0.0	1.6	2.1	6.8	0.8	3.7	0.0	4.5	0.8
D	QC-CDC-MS-3540459-3	13.5	1.6	854.6	519.0	355.9	427.3	203.9	15.8	176.0	359.1	3.0	175.5	205.8	596.0	0.6	0.3	0.9	45.4	26.8	8.3	0.2	0.3	2.6	2.0	2.1	1.2	1.2	2.2	1.9	1.0	1.5	1.8	1.5	2.7	0.1	0.0	1.6	2.1	6.4	0.7	3.4	0.0	4.6	0.9
D	QC-CDC-MS-3540459-4	17.6	2.4	985.1	576.8	393.6	484.5	248.1	16.9	197.1	395.3	2.4	203.6	245.4	649.1	0.6	0.3	1.0	50.5	32.3	9.7	0.2	0.3	3.1	2.3	2.3	1.5	1.4	2.5	2.1	1.0	1.7	2.1	1.8	3.0	0.1	0.0	1.9	2.5	8.0	0.9	4.4	0.0	4.1	0.9
D	QC-CDC-MS-3540459-5	16.8	4.0	1062.6	628.0	438.3	528.9	262.8	14.2	221.0	445.1	2.5	200.2	240.5	723.8	0.6	0.8	0.4	61.0	32.3	10.2	0.2	0.3	3.4	2.7	2.5	1.7	1.6	2.8	2.4	1.1	1.7	2.3	1.8	3.4	0.1	0.0	2.2	2.8	8.9	1.0	4.7	0.0	4.5	0.9
D	QC-CDC-MS-3540459-6	16.5	4.4	1169.6	675.7	466.2	561.7	289.2	13.0	234.6	458.7	2.3	244.1	241.3	864.1	0.5	0.3	0.7	63.7	33.3	10.7	0.2	0.3	3.6	2.8	2.7	1.7	1.5	3.1	2.5	1.0	1.8	2.4	1.9	3.6	0.1	0.0	2.3	2.9	9.3	1.1	5.0	0.0	4.5	0.9
D	QC-CDC-MS-3540459-7	13.3	3.4	1041.6	611.1	428.9	493.0	241.0	13.7	207.5	402.2	2.0	207.5	204.9	772.9	0.5	0.3	1.3	55.0	29.1	9.5	0.2	0.3	3.1	2.5	2.4	1.4	1.4	2.7	2.2	1.0	1.7	2.2	1.7	3.2	0.1	0.0	2.0	2.6	8.3	1.0	4.3	0.0	4.4	0.9
D	QC-CDC-MS-3540459-8	13.8	4.1	1051.7	622.6	427.1	504.0	237.7	14.2	211.5	413.4	2.0	210.3	212.9	754.4	0.5	0.3	0.9	56.6	30.7	10.1	0.2	0.3	3.4	2.7	2.4	1.5	1.5	2.8	2.4	1.0	1.7	2.3	1.8	3.4	0.1	0.0	2.2	2.7	8.5	1.0	4.3	0.0	4.4	0.9
D	QC-CDC-MS-3540459-9	11.0	2.5	905.8	528.1	346.6	416.8	211.6	11.5	175.5	351.0	1.9	172.2	207.3	599.0	0.6	0.3	1.0	48.2	25.2	8.2	0.2	0.3	2.8	2.2	2.1	1.2	1.1	2.1	1.9	1.1	1.5	1.6	1.7	2.3	0.1	0.0	1.5	1.9	5.9	0.7	3.2	0.0	5.3	0.9
